rs371148134	rs200783387	rs782097222	rs12009026	rs143396803	rs12848233	rs6643945	rs190118922	rs146978761	rs184120455	rs782478551	rs782117246	rs6644191	rs11795689	rs6643947	rs2806270	rs12857270	rs2286061	rs781939493	rs12839941	rs5946228	rs5988159
rs371148134	1	0	0	0	0	0	0	0	0	0	0	0	0	0	0	0	0	0	0	0	0	0
rs200783387	0.991795	1	0	0	0	0	0	0	0	0	0	0	0	0	0	0	0	0	0	0	0	0
rs782097222	0.00175577	0.00203667	1	0	0	0	0	0	0	0	0	0	0	0	0	0	0	0	0	0	0	0
rs12009026	0.0526857	0.0540893	0.00410498	1	0	0	0	0	0	0	0	0	0	0	0	0	0	0	0	0	0	0
rs143396803	0.00215928	0.00254929	0.00202673	0.00142736	1	0	0	0	0	0	0	0	0	0	0	0	0	0	0	0	0	0
rs12848233	0.00197609	0.00221878	0.00787101	0.00544033	0.017241	1	0	0	0	0	0	0	0	0	0	0	0	0	0	0	0	0
rs6643945	0.0442908	0.0452721	0.00286436	0.000605378	0.0227022	0.0119849	1	0	0	0	0	0	0	0	0	0	0	0	0	0	0	0
rs190118922	0.00543172	0.00565805	0.00463278	0.000979261	0.0127076	0.00706376	0.000320847	1	0	0	0	0	0	0	0	0	0	0	0	0	0	0
rs146978761	0.0105201	0.0104531	0.00115526	0.00120306	0.00878183	0.000278573	0.000394141	0.000637479	1	0	0	0	0	0	0	0	0	0	0	0	0	0
rs184120455	0.0331583	0.0339709	0.00372775	0.000787906	0.00074995	0.00921903	0.000258168	0.00590925	0.000512945	1	0	0	0	0	0	0	0	0	0	0	0	0
rs782478551	3.27678e-05	6.81708e-05	0.00808364	0.00637481	0.00583909	0.00162609	0.149686	0.00337172	0.00414195	0.00271304	1	0	0	0	0	0	0	0	0	0	0	0
rs782117246	0.000931748	0.00109489	0.00488087	0.00562629	0.00221494	0.000903031	0.158685	0.0029766	0.00365658	0.00239511	0.939542	1	0	0	0	0	0	0	0	0	0	0
rs6644191	0.000973275	0.00114368	0.0050984	0.00587756	0.00232183	0.000943362	0.165758	0.00310926	0.00381954	0.00250186	0.939525	0.957333	1	0	0	0	0	0	0	0	0	0
rs11795689	0.0288587	0.0297451	0.0023052	0.00169836	0.0118013	0.0309229	0.000555292	0.000898364	0.00452765	0.000722766	0.00127309	0.000912261	0.000953689	1	0	0	0	0	0	0	0	0
rs6643947	0.0210798	0.0220787	0.0342881	0.00433377	0.00208681	0.000639983	0.00167439	0.137661	0.00332774	6.29924e-06	0.0116471	0.00987397	0.0103217	0.000431718	1	0	0	0	0	0	0	0
rs2806270	0.00343888	0.00359142	0.00290528	0.000673895	0.00882029	0.0116224	0.00022013	0.000286548	0.00043769	0.000286548	0.00224004	0.00196537	0.00206061	0.000612205	0.00167206	1	0	0	0	0	0	0
rs12857270	0.0100997	0.0104265	0.00369763	0.000781537	0.000191738	0.00232116	0.000256082	0.000414184	0.0005088	0.000333272	0.00269112	0.00237576	0.00248164	0.000716922	0.00216167	0.00028423	1	0	0	0	0	0
rs2286061	0.00549984	0.00541587	0.00237982	0.00126887	0.0159443	0.00377676	0.00041506	0.000671463	0.000824962	0.000540229	0.00629473	0.0038622	0.00403494	0.001165	5.04978e-05	0.000457154	0.000535861	1	0	0	0	0
rs781939493	2.04464e-05	3.36727e-06	0.00931387	0.00749413	0.00439496	0.000652995	0.131591	0.00396116	0.00486618	0.00318727	0.872354	0.820585	0.819867	0.00194115	0.0144656	0.00264779	0.00316151	0.00525158	1	0	0	0
rs12839941	0.000172054	0.000134658	0.0131917	4.91613e-05	0.0016269	0.0145325	0.000870784	0.00140839	0.00173013	0.00113326	0.00182013	0.00128287	0.00134004	0.00244113	0.00327538	0.000885733	0.0011241	0.00681135	0.00282817	1	0	0
rs5946228	0.000490373	0.000609971	0.00419407	0.0058721	0.00166036	0.00112329	0.15557	0.00310638	0.003816	0.00249954	0.959466	0.979075	0.979381	0.00102713	0.0104534	0.00205553	0.00247934	0.00403118	0.837642	0.00145342	1	0
rs5988159	0.000490373	0.000609971	0.00419407	0.0058721	0.00166036	0.00112329	0.15557	0.00310638	0.003816	0.00249954	0.959466	0.979075	0.979381	0.00102713	0.0104534	0.00205553	0.00247934	0.00403118	0.837642	0.00145342	1	1
