rs761713680	rs2955281	rs6741066	rs7594526	rs2955280	rs138296512	rs7568481	rs4953042	rs758636942	rs3795859	rs56132765	rs3817339	rs61004197	rs4148217	rs143311578	rs4148209	rs4148210	rs4148211	rs3738984	rs3738985	rs188424940	rs698761	rs4148214	rs118188415	rs12613956	rs369948288
rs761713680	1	0	0	0	0	0	0	0	0	0	0	0	0	0	0	0	0	0	0	0	0	0	0	0	0	0
rs2955281	0.981315	1	0	0	0	0	0	0	0	0	0	0	0	0	0	0	0	0	0	0	0	0	0	0	0	0
rs6741066	0.981315	1	1	0	0	0	0	0	0	0	0	0	0	0	0	0	0	0	0	0	0	0	0	0	0	0
rs7594526	0.083191	0.0850096	0.0850096	1	0	0	0	0	0	0	0	0	0	0	0	0	0	0	0	0	0	0	0	0	0	0
rs2955280	0.753995	0.768398	0.768398	0.00424212	1	0	0	0	0	0	0	0	0	0	0	0	0	0	0	0	0	0	0	0	0	0
rs138296512	0.634714	0.646507	0.646507	0.0102616	0.794077	1	0	0	0	0	0	0	0	0	0	0	0	0	0	0	0	0	0	0	0	0
rs7568481	0.0615011	0.0540064	0.0540064	0.053031	0.0166211	0.0305382	1	0	0	0	0	0	0	0	0	0	0	0	0	0	0	0	0	0	0	0
rs4953042	0.00297072	0.00322742	0.00322742	0.00479228	0.00735347	0.00402149	0.000593748	1	0	0	0	0	0	0	0	0	0	0	0	0	0	0	0	0	0	0
rs758636942	0.000206942	0.000337593	0.000337593	0.00178751	9.68485e-05	2.11992e-05	0.014611	0.000518272	1	0	0	0	0	0	0	0	0	0	0	0	0	0	0	0	0	0
rs3795859	0.000668323	0.000719786	0.000719786	0.00286123	0.00153433	0.000452035	2.7837e-05	0.00228038	0.0434643	1	0	0	0	0	0	0	0	0	0	0	0	0	0	0	0	0
rs56132765	0.000564387	0.000667077	0.000667077	0.00620516	0.00260898	0.000437233	0.00304549	0.884259	0.000189394	0.00279192	1	0	0	0	0	0	0	0	0	0	0	0	0	0	0	0
rs3817339	0.0143912	0.0149085	0.0149085	0.00145733	0.00807237	0.00263953	0.0298132	0.00145733	0.00506092	0.0219196	0.00128866	1	0	0	0	0	0	0	0	0	0	0	0	0	0	0
rs61004197	0.00176021	0.00193224	0.00193224	0.00808183	0.00475135	0.00122445	0.00265099	0.769718	1.3458e-05	0.00345917	0.870466	0.00112173	1	0	0	0	0	0	0	0	0	0	0	0	0	0
rs4148217	0.000709921	0.000714965	0.000714965	0.00109761	0.000820434	0	0.000382019	0.00439044	0.0493997	0.798731	0.00491352	0.0259353	0.00558636	1	0	0	0	0	0	0	0	0	0	0	0	0
rs143311578	0.0012759	0.00117566	0.00117566	0.0143345	0.000337272	0.00558396	5.19154e-06	0.54416	0.0004662	0.00563372	0.615385	0.000793021	0.70696	0.00774069	1	0	0	0	0	0	0	0	0	0	0	0
rs4148209	0.0292785	0.028261	0.028261	0.00646901	0.0189306	0.0298975	0.0100345	0.000136573	0.0224651	0.124425	8.46196e-06	0.00424598	4.87048e-05	0.11074	0.00102064	1	0	0	0	0	0	0	0	0	0	0
rs4148210	2.67442e-06	1.07764e-05	1.07764e-05	0.00218996	0.000110639	0.000130242	0.000897263	0.0023291	8.32462e-05	0.0105638	0.00407223	0.00773595	0.00666608	0.0102081	0.000114003	0.00860834	1	0	0	0	0	0	0	0	0	0
rs4148211	0.0035468	0.00204073	0.00204073	0.000453659	0.00228001	0.00203527	1.44317e-05	0.000797154	7.66842e-06	0.00416171	0.00193747	0.00139283	0.00384644	0.00716201	0.000529907	0.00781204	0.644339	1	0	0	0	0	0	0	0	0
rs3738984	0.0120152	0.0111247	0.0111247	0.0102011	0.000160674	0.00647434	0.0199287	0.00191871	0.00446046	0.00710978	0.00039658	0.00251519	0.00114872	0.00265656	0.000467881	0.00710214	0.070592	0.12283	1	0	0	0	0	0	0	0
rs3738985	0.0360306	0.0368182	0.0368182	0.236029	2.21852e-06	0.000214155	0.0196727	0.000961641	0.0181818	0.0127547	0.00085034	0.00063118	0.000740192	0.00962649	0.000523286	0.00280177	0.00510329	0.0062748	0.030164	1	0	0	0	0	0	0
rs188424940	0.0671294	0.0683314	0.0683314	0.000961641	0.0492534	0.0668401	0.00799964	0.000961641	0.00333952	0.00136747	0.00085034	0.00063118	0.000740192	0.00240662	0.000523286	0.00280177	0.00510329	0.0062748	0.0089007	0.000416493	1	0	0	0	0	0
rs698761	0.00696148	0.00601904	0.00601904	0.00383037	3.14834e-05	0.00213914	0.00538132	0.00785038	0.00204503	0.00628588	0.00490703	0.000679174	0.00844199	0.00103298	0.00237241	0.0147857	0.0507161	0.0730169	0.748188	0.00814514	0.00591053	1	0	0	0	0
rs4148214	0.00234932	0.00181148	0.00181148	0.00363229	9.54505e-05	0.00182003	0.00415311	0.00817265	0.00177384	0.00618859	0.00514482	0.000754337	0.00873788	0.00103543	0.00250156	0.0155337	0.0490805	0.0796618	0.736026	0.00796416	0.0179194	0.940084	1	0	0	0
rs118188415	0.0133217	0.00922622	0.00922622	0.00574424	0.000770786	0.000833567	0.0228067	0.00211246	0.00396415	0.000734677	0.00130063	0.0183282	0.000628203	0.000300493	0.00621118	0.0111067	0.000226944	0.004098	2.90609e-06	0.0120941	0.00494359	0.00188413	0.00223742	1	0	0
rs12613956	0.000509421	0.000260323	0.000260323	0.00468284	0.00183842	1.59305e-05	0.00118848	0.0153243	0.00312269	0.000752533	0.0115282	0.000502892	0.0176089	0.000479368	0.00940692	0.00489473	0.0430336	0.0745325	0.700325	0.00914634	0.0174423	0.915852	0.904248	0.0010619	1	0
rs369948288	0.00262805	0.00279172	0.00279172	0.000961641	0.00532667	0.000214155	0.00149167	0.000961641	0.00333952	0.000168811	0.00085034	0.0339435	0.000740192	0.00240662	0.000523286	0.022696	0.00510329	0.0062748	0.0089007	0.000416493	0.000416493	0.00591053	0.00609756	0.000393277	0.00564647	1
