rs765779456	rs1260300888	rs41300872	rs5962854	rs1298577	rs201894843	rs16985208	rs807180	rs371909363	rs150378531	rs140450722	rs80338730	rs2295374	rs375506620	rs1954365	rs755891060	rs12688091	rs374291303	rs758707766	rs17847390	rs3216052	rs1285590	rs5962885	rs147318883	rs17847389	rs2236083	rs5962806	rs6523923	rs6523965	rs12011630	rs34202438	rs61184704	rs768856537	rs151295141
rs765779456	1	0	0	0	0	0	0	0	0	0	0	0	0	0	0	0	0	0	0	0	0	0	0	0	0	0	0	0	0	0	0	0	0	0
rs1260300888	0.629796	1	0	0	0	0	0	0	0	0	0	0	0	0	0	0	0	0	0	0	0	0	0	0	0	0	0	0	0	0	0	0	0	0
rs41300872	0.985841	0.629796	1	0	0	0	0	0	0	0	0	0	0	0	0	0	0	0	0	0	0	0	0	0	0	0	0	0	0	0	0	0	0	0
rs5962854	0.930132	0.60124	0.930132	1	0	0	0	0	0	0	0	0	0	0	0	0	0	0	0	0	0	0	0	0	0	0	0	0	0	0	0	0	0	0
rs1298577	0.985841	0.629796	0.985841	0.930132	1	0	0	0	0	0	0	0	0	0	0	0	0	0	0	0	0	0	0	0	0	0	0	0	0	0	0	0	0	0
rs201894843	3.01459e-05	0.000886652	3.01459e-05	6.20024e-07	3.01459e-05	1	0	0	0	0	0	0	0	0	0	0	0	0	0	0	0	0	0	0	0	0	0	0	0	0	0	0	0	0
rs16985208	0.936303	0.60088	0.936303	0.897363	0.936303	0.00622042	1	0	0	0	0	0	0	0	0	0	0	0	0	0	0	0	0	0	0	0	0	0	0	0	0	0	0	0
rs807180	0.958098	0.614381	0.958098	0.92939	0.958098	1.88497e-05	0.907917	1	0	0	0	0	0	0	0	0	0	0	0	0	0	0	0	0	0	0	0	0	0	0	0	0	0	0
rs371909363	0.0323222	0.0170369	0.0323222	0.0376214	0.0323222	0.000206883	0.0258445	0.0327768	1	0	0	0	0	0	0	0	0	0	0	0	0	0	0	0	0	0	0	0	0	0	0	0	0	0
rs150378531	0.0426244	0.0154153	0.0372702	0.0559951	0.0322752	0.0115565	0.0377386	0.0500037	0.00313583	1	0	0	0	0	0	0	0	0	0	0	0	0	0	0	0	0	0	0	0	0	0	0	0	0
rs140450722	0.0122663	0.00107692	0.00887795	0.0174645	0.0122663	0.000698595	0.0109374	0.0129323	0.00175232	0.593225	1	0	0	0	0	0	0	0	0	0	0	0	0	0	0	0	0	0	0	0	0	0	0	0
rs80338730	0.0122663	0.00107692	0.00887795	0.0174645	0.0122663	0.000698595	0.0109374	0.0129323	0.00175232	0.593225	1	1	0	0	0	0	0	0	0	0	0	0	0	0	0	0	0	0	0	0	0	0	0	0
rs2295374	0.0120532	0.00119765	0.00869058	0.0172274	0.0120532	0.000705939	0.0107324	0.0127179	0.00177086	0.593068	1	1	1	0	0	0	0	0	0	0	0	0	0	0	0	0	0	0	0	0	0	0	0	0
rs375506620	0.0367098	0.0177532	0.0367098	0.0425456	0.0367098	0.000299032	0.0399376	0.0364917	0.000750179	0.335666	0.558176	0.558176	0.558107	1	0	0	0	0	0	0	0	0	0	0	0	0	0	0	0	0	0	0	0	0
rs1954365	0.0290168	0.0119804	0.0222841	0.0352974	0.0290168	0.000349276	0.0319726	0.0289096	0.000876348	0.317603	0.541091	0.541091	0.541002	0.653216	1	0	0	0	0	0	0	0	0	0	0	0	0	0	0	0	0	0	0	0
rs755891060	0.00303691	8.20571e-06	0.00303691	0.00101629	0.00303691	0.00431873	0.00144348	0.00066778	0.0142213	0.0058406	0.00277664	0.00277664	0.00289166	0.00856617	0.0191314	1	0	0	0	0	0	0	0	0	0	0	0	0	0	0	0	0	0	0
rs12688091	0.0264617	0.0101424	0.0209825	0.0341461	0.0264617	0.000657391	0.0241783	0.0273521	0.00164896	0.409087	0.701244	0.701244	0.701142	0.657201	0.730115	0.0260992	1	0	0	0	0	0	0	0	0	0	0	0	0	0	0	0	0	0
rs374291303	0.0245476	0.0517046	0.0248811	0.0191766	0.0245476	0.000939312	0.0222592	0.0194157	8.23849e-06	0.00864054	0.00743167	0.00743167	0.00743167	0.00341591	0.00345481	0.0018269	0.00695263	1	0	0	0	0	0	0	0	0	0	0	0	0	0	0	0	0
rs758707766	0.0341256	0.0145456	0.027918	0.0285093	0.0341256	0.00072171	0.0318888	0.035178	0.00181055	0.273839	0.484538	0.484538	0.48437	0.403483	0.460687	0.0190957	0.644186	0.00768317	1	0	0	0	0	0	0	0	0	0	0	0	0	0	0	0
rs17847390	0.0453038	0.0531937	0.0453038	0.0325077	0.0453038	0.000791092	0.0444923	0.0211903	0.00198433	0.000891891	0.000268025	0.000268025	0.000281895	5.21431e-05	0.000159822	0.00760836	0.00194611	0.00490576	0.00692778	1	0	0	0	0	0	0	0	0	0	0	0	0	0	0
rs3216052	0.0274861	0.0185832	0.0274861	0.0215128	0.0274861	0.00127265	0.0207455	0.0302842	0.00272001	0.00306488	0.00129162	0.00129162	0.00132778	0.000434093	0.00417706	0.00782268	0.000806957	0.0118415	0.00115494	0.00585054	1	0	0	0	0	0	0	0	0	0	0	0	0	0
rs1285590	0.0220975	0.00687149	0.0220975	0.0126025	0.0220975	0.000761128	0.0198546	0.022544	0.00190984	0.209321	0.37959	0.37959	0.379394	0.322149	0.315119	0.0107683	0.517836	0.00810836	0.870538	0.00731504	0.000738701	1	0	0	0	0	0	0	0	0	0	0	0	0
rs5962885	0.0301707	0.0115839	0.0239976	0.0243626	0.0301707	0.000729503	0.0276698	0.0249162	0.00182997	0.318512	0.558167	0.558167	0.558017	0.463223	0.531972	0.0108861	0.740583	0.0077543	0.855836	0.00699981	0.000916451	0.84652	1	0	0	0	0	0	0	0	0	0	0	0
rs147318883	0.00694778	0.0115029	0.00909794	0.00327028	0.00694778	0.000564339	0.00307809	0.00610236	4.75431e-06	8.74413e-06	0.00614355	0.00614355	0.00605958	0.00461432	0.00446648	0.00630183	0.00938415	0.0119607	0.00344749	0.00567418	0.0823847	0.00193932	0.00486748	1	0	0	0	0	0	0	0	0	0	0
rs17847389	0.00974478	0.0153105	0.0121009	0.00544585	0.00974478	0.000456173	0.00527718	0.00875775	0.000425293	4.09225e-06	0.00502887	0.00502887	0.00495474	0.00387562	0.00362729	0.00852997	0.00785136	0.0118378	0.0027215	0.00569471	0.0956236	0.00138659	0.003925	0.965297	1	0	0	0	0	0	0	0	0	0
rs2236083	0.0137177	0.0215034	0.0163527	0.00849108	0.0137177	0.000315769	0.00846907	0.0125087	0.0005633	0.000143282	0.00360694	0.00360694	0.00354223	0.00295939	0.00266966	0.00480662	0.00595062	0.0126292	0.00176979	0.00638206	0.0706422	0.000745675	0.00270577	0.822506	0.854991	1	0	0	0	0	0	0	0	0
rs5962806	3.55227e-05	7.87453e-05	3.55227e-05	0.00077779	3.55227e-05	0.000185342	0.000116854	5.83729e-05	0.0004649	0.000745539	0.00156986	0.00156986	0.00158645	0.000672052	0.000785062	0.000736658	0.00147727	0.00211192	0.00417965	0.00177771	0.0024368	0.00499303	0.00163941	0.00350426	0.00338397	0.00351544	1	0	0	0	0	0	0	0
rs6523923	0.00051138	0.00117713	0.00051138	0.00366061	0.00051138	0.000528567	0.000218267	0.00209258	0.00132583	0.00801175	0.004477	0.004477	0.00452518	0.00173375	0.00202597	0.00117378	0.00421295	0.00104935	0.00462743	0.00708093	0.00694938	0.00441591	0.00467623	1.37697e-05	0.000229867	0.000439964	0.00118778	1	0	0	0	0	0	0
rs6523965	0.00099393	0.000639294	0.00099393	0.000197615	0.00099393	0.0015036	0.00161953	0.00131543	0.000692732	0.00353686	0.000509424	0.000509424	0.000535998	0.00199193	0.000111666	0.0144609	0.000147956	0.0116511	0.0115116	0.00389967	0.0373752	0.0142208	0.000293721	0.111588	0.0974135	0.119091	0	7.96358e-05	1	0	0	0	0	0
rs12011630	0.00175125	0.000288735	0.00175125	0.000766245	0.00175125	0.00559409	0.00126377	0.00149826	0.00143707	0.00339611	0.000705724	0.000705724	0.000725158	0.00207893	0.00243023	0.000186852	0.000446163	0.00647851	0.000311392	0.00549872	0.000387023	0.000576722	0.000506397	0.00536263	0.00531358	0.00581516	0.0012874	0.00367288	0.0100404	1	0	0	0	0
rs34202438	7.3685e-07	1.46113e-06	7.3685e-07	0.000229594	7.3685e-07	0.00729418	3.287e-05	1.48312e-05	0.00112436	0.00285189	0.000445932	0.000445932	0.000461437	0.00202297	0.00236606	0.00206862	0.000235603	0.0061767	0.000350371	0.0053546	4.06862e-05	0.000322898	0.000270762	0.00118594	0.00129118	0.00167765	0.00125192	0.00323185	0.00898862	0.885746	1	0	0	0
rs61184704	0.000215361	0.00106311	0.000215361	0.0010051	0.000215361	0.00475539	0.000624761	0.000308888	0.00139746	0.00349679	0.000800091	0.000800091	0.000820309	0.00202099	0.00236183	0.00299712	0.000532854	0.0058676	0.000419369	0.00534371	0.000513248	0.000677422	0.000602673	0.00542404	0.00536738	0.0058532	0.00125195	0.00357039	0.0101566	0.951965	0.827881	1	0	0
rs768856537	0.00843684	0.00866205	0.00699874	0.00257696	0.00569492	0.000320595	0.00738242	0.00703923	0.00951072	6.214e-05	0.000930462	0.000930462	0.00114376	0.000342193	0.000803362	0.000194054	0.0025553	0.0855526	0.00334266	0.00199208	0.000238366	0.00584496	0.00291116	0.00392448	0.00174646	5.91433e-05	0.00852044	0.0133354	0.0691228	0.113322	0.0777188	0.11608	1	0
rs151295141	0.00512793	0.0114073	0.00399828	0.00139965	0.003009	0.000345574	0.00383408	0.00516301	0.0100069	0.000627888	0.000913104	0.000913104	0.00113012	0.000379912	0.0008765	0.00122491	0.00275528	0.0798291	0.00376499	0.00216586	0.00102797	0.00593194	0.001157	8.64513e-05	8.37391e-05	0.00171647	0.00896485	0.00308248	0.0667485	0.102952	0.0922741	0.106602	0.90614	1
