rs11353699	rs28584228	rs9927638	rs7184958	rs76327478	rs6564343	rs35994137	rs7202925	rs7201030	rs559104822	rs150726736	rs4268783	rs35363016	rs117057578	rs12933808	rs76580924	rs74607924	rs57292037	rs9935035
rs11353699	1	0	0	0	0	0	0	0	0	0	0	0	0	0	0	0	0	0	0
rs28584228	0.0669235	1	0	0	0	0	0	0	0	0	0	0	0	0	0	0	0	0	0
rs9927638	0.00370714	0.0247134	1	0	0	0	0	0	0	0	0	0	0	0	0	0	0	0	0
rs7184958	0.00103783	0.0144467	0.00248823	1	0	0	0	0	0	0	0	0	0	0	0	0	0	0	0
rs76327478	0.000621159	0.0467439	0.00768758	0.00197079	1	0	0	0	0	0	0	0	0	0	0	0	0	0	0
rs6564343	0.0438132	0.560031	0.0236373	0.0120444	0.0617155	1	0	0	0	0	0	0	0	0	0	0	0	0	0
rs35994137	0.0549204	0.364582	0.0585139	0.0456223	0.0795083	0.419595	1	0	0	0	0	0	0	0	0	0	0	0	0
rs7202925	0.00287541	0.0112364	0.000847637	0.00192997	2.90239e-05	0.0104259	0.0261706	1	0	0	0	0	0	0	0	0	0	0	0
rs7201030	0.00103783	0.000148311	0.00248823	2.3596e-06	0.00197079	0.0477017	0.00550153	0.00192997	1	0	0	0	0	0	0	0	0	0	0
rs559104822	0.00370714	0.00566542	0.00067465	0.0101571	0.00474591	0.0145924	0.00149167	0.000523286	0.0015361	1	0	0	0	0	0	0	0	0	0
rs150726736	0.00628577	0.0302321	0.0143278	0.0927268	0.260223	0.139789	0.0237253	4.03221e-05	0.0549154	0.0331677	1	0	0	0	0	0	0	0	0
rs4268783	0.0045326	0.0674431	0.000106295	0.00261285	0.000294812	0.101848	0.0443488	0.00667821	0.00913262	0.00531531	0.0142107	1	0	0	0	0	0	0	0
rs35363016	0.00303415	0.0196825	0.0238253	0.0187112	0.050771	0.0282523	0.000425233	0.0192341	5.53488e-06	0.00360321	0.0958768	0.0480934	1	0	0	0	0	0	0
rs117057578	0.00423106	0.00661118	0.0038783	0.00114789	0.280804	0.0187731	0.0302171	0.00246247	0.00956598	0.00239425	0.144686	0.000103503	0.166911	1	0	0	0	0	0
rs12933808	0.00487569	0.00286469	0.00323392	0.00327256	4.92145e-05	0.000300772	8.80305e-06	0.00111483	0.000601082	0.000887311	6.84035e-05	0.000139801	0.00486289	0.0051008	1	0	0	0	0
rs76580924	0.00103783	0.00878343	0.00248823	0.00613731	0.00189351	0.000680087	0.000338694	0.00192997	2.3596e-06	0.0015361	0.000996717	0.0067618	0.0106461	0.0509209	0.00327256	1	0	0	0
rs74607924	0.00707395	0.00750848	0.00905406	0.0023211	0.00784693	0.0045088	0.00332569	0.0070227	0.00901067	0.00982167	0.00102738	0.00545304	0.0121696	0.0036178	0.0034069	2.27536e-07	1	0	0
rs57292037	0.0163014	0.00210001	0.0183858	0.000237166	0.00518902	0.00109733	0.00348004	0.00463158	0.00612434	0.00242651	0.0169154	0.00802442	0.0317936	0.0122726	0.00304468	0.108696	0.000377207	1	0
rs9935035	0.00800639	0.00255305	0.0199501	4.34494e-05	0.00554387	0.000721804	0.00456664	0.00534332	0.00481204	0.00289152	0.0146906	0.0111964	0.0423636	0.0158236	0.0038177	0.102706	0.00130769	0.950285	1
